Year   Jan  Feb  Mar  Apr  May  Jun  Jul  Aug  Sep  Oct  Nov  Dec    J-D D-N    DJF  MAM  JJA  SON  Year
1880   -29  -20  -18  -27  -14  -28  -23   -7  -16  -16  -18  -21    -20 ***   ****  -19  -19  -17  1880
1881   -10  -13    1   -3   -4  -28   -6   -2   -8  -18  -25  -15    -11 -11    -15   -2  -12  -17  1881
1882    10   10    3  -20  -17  -24  -10    4    0  -22  -20  -25     -9  -8      2  -11  -10  -14  1882
1883   -33  -41  -17  -24  -25  -11   -8  -12  -18  -11  -19  -18    -20 -20    -33  -22  -10  -16  1883
1884   -18  -11  -33  -35  -31  -37  -33  -25  -23  -21  -29  -28    -27 -26    -15  -33  -32  -24  1884
1885   -64  -29  -23  -44  -41  -50  -28  -27  -19  -19  -22   -5    -31 -33    -41  -36  -35  -20  1885
1886   -42  -45  -41  -29  -27  -39  -16  -31  -19  -25  -26  -25    -30 -29    -31  -32  -28  -23  1886
1887   -66  -47  -31  -37  -33  -20  -18  -27  -19  -31  -25  -37    -33 -32    -46  -33  -22  -25  1887
1888   -42  -41  -47  -28  -22  -20   -9  -11   -7    2    0  -12    -20 -22    -40  -32  -13   -2  1888
1889   -20   15    5    5   -2  -11   -4  -17  -18  -22  -30  -30    -11  -9     -6    2  -11  -23  1889
1890   -47  -48  -41  -37  -47  -27  -29  -36  -36  -22  -36  -30    -36 -36    -42  -42  -31  -31  1890
1891   -46  -50  -14  -25  -17  -22  -22  -21  -13  -23  -37   -2    -24 -27    -42  -19  -21  -24  1891
1892   -25  -14  -36  -34  -25  -19  -27  -19  -25  -16  -49  -28    -27 -24    -14  -32  -22  -30  1892
1893   -68  -51  -23  -32  -34  -23  -14  -23  -18  -16  -16  -37    -30 -29    -49  -30  -20  -17  1893
1894   -55  -31  -20  -41  -30  -43  -31  -28  -22  -16  -24  -21    -30 -31    -41  -30  -34  -21  1894
1895   -43  -41  -28  -22  -22  -24  -16  -15   -1  -10  -15  -11    -21 -22    -35  -24  -19   -9  1895
1896   -22  -14  -29  -32  -19  -13   -6   -9   -4    5  -15  -11    -14 -14    -16  -27   -9   -5  1896
1897   -22  -18  -12    0    0  -12   -4   -3   -4   -9  -16  -24    -10  -9    -17   -4   -6   -9  1897
1898    -6  -32  -55  -33  -35  -21  -22  -23  -18  -31  -35  -21    -28 -28    -21  -41  -22  -28  1898
1899   -17  -39  -33  -20  -20  -25  -13   -4   -1    0   13  -26    -15 -15    -26  -24  -14    4  1899
1900   -39   -7    3  -14   -5  -14   -8   -3    2    9  -12  -13     -8 -10    -24   -5   -8    0  1900
1901   -28   -5    6   -5  -17  -10   -8  -12  -16  -29  -16  -28    -14 -13    -16   -5  -10  -20  1901
1902   -19   -4  -29  -29  -32  -34  -25  -28  -21  -28  -36  -46    -28 -26    -17  -30  -29  -28  1902
1903   -28   -7  -22  -40  -42  -45  -30  -43  -42  -41  -39  -48    -36 -35    -27  -35  -39  -41  1903
1904   -64  -55  -46  -50  -50  -49  -48  -43  -46  -35  -16  -29    -44 -46    -55  -48  -47  -32  1904
1905   -38  -58  -25  -37  -33  -32  -24  -20  -15  -24   -9  -21    -28 -29    -42  -32  -25  -16  1905
1906   -31  -33  -15   -3  -21  -22  -26  -18  -25  -20  -38  -18    -22 -23    -28  -13  -22  -28  1906
1907   -43  -51  -23  -39  -46  -43  -36  -37  -32  -24  -51  -50    -40 -37    -37  -36  -39  -36  1907
1908   -46  -35  -57  -46  -40  -39  -35  -45  -33  -43  -50  -49    -43 -43    -43  -48  -40  -42  1908
1909   -70  -46  -52  -58  -53  -51  -43  -29  -37  -38  -31  -54    -47 -46    -55  -54  -41  -35  1909
1910   -43  -42  -47  -38  -33  -36  -31  -34  -37  -39  -56  -69    -42 -41    -46  -40  -34  -44  1910
1911   -63  -60  -62  -54  -51  -46  -41  -43  -38  -26  -20  -24    -44 -48    -64  -56  -43  -28  1911
1912   -26  -13  -37  -19  -19  -25  -41  -52  -47  -55  -37  -42    -34 -33    -21  -25  -39  -46  1912
1913   -42  -44  -43  -36  -45  -46  -35  -34  -34  -34  -18   -3    -34 -38    -43  -41  -38  -29  1913
1914     2  -13  -22  -27  -20  -23  -24  -14  -13   -5  -20   -9    -16 -15     -5  -23  -20  -13  1914
1915   -18    1   -9    8   -1  -15   -3  -15  -12  -22  -12  -25    -10  -9     -9   -1  -11  -16  1915
1916   -18  -21  -31  -24  -26  -44  -34  -26  -29  -27  -40  -77    -33 -29    -21  -27  -35  -32  1916
1917   -46  -52  -46  -37  -48  -40  -22  -26  -18  -35  -27  -72    -39 -39    -58  -43  -29  -26  1917
1918   -42  -30  -18  -38  -36  -27  -20  -25  -13   -3  -15  -30    -25 -28    -48  -31  -24  -10  1918
1919   -21  -19  -24  -16  -19  -27  -20  -18  -16  -15  -28  -34    -22 -21    -23  -20  -22  -20  1919
1920   -14  -22   -7  -25  -24  -32  -31  -28  -19  -28  -32  -46    -26 -25    -23  -19  -30  -26  1920
1921    -3  -20  -27  -35  -35  -30  -15  -23  -16   -5  -15  -18    -20 -23    -23  -32  -23  -12  1921
1922   -34  -43  -12  -20  -33  -32  -25  -30  -27  -32  -16  -16    -27 -27    -32  -22  -29  -25  1922
1923   -26  -36  -31  -37  -32  -22  -28  -28  -26  -12    4   -5    -23 -24    -26  -34  -26  -11  1923
1924   -23  -26  -11  -34  -18  -27  -26  -34  -29  -35  -22  -41    -27 -24    -18  -21  -29  -29  1924
1925   -33  -33  -22  -24  -29  -32  -29  -18  -13  -16    5   11    -19 -24    -36  -25  -26   -8  1925
1926    20    8   13  -14  -23  -24  -20  -10  -10  -11   -5  -30     -9  -5     13   -8  -18   -9  1926
1927   -28  -20  -37  -30  -24  -27  -13  -18   -5   -1   -3  -35    -20 -20    -26  -30  -19   -3  1927
1928    -2  -11  -28  -28  -29  -41  -21  -25  -19  -18   -9  -20    -21 -22    -16  -28  -29  -15  1928
1929   -46  -60  -33  -40  -38  -43  -33  -29  -24  -15  -14  -55    -36 -33    -42  -37  -35  -17  1929
1930   -29  -24   -8  -26  -25  -19  -16  -10  -11   -8   14   -9    -14 -18    -36  -20  -15   -2  1930
1931   -10  -21   -6  -21  -21   -5    1    0   -6    0  -12  -10     -9  -9    -13  -16   -2   -6  1931
1932    14  -17  -20   -7  -22  -30  -23  -23  -11   -9  -26  -22    -16 -15     -4  -16  -26  -16  1932
1933   -34  -32  -28  -23  -25  -32  -20  -23  -26  -24  -31  -46    -29 -27    -29  -25  -25  -27  1933
1934   -27   -4  -30  -26  -10  -13  -11  -10  -15  -10   -1   -8    -14 -17    -26  -22  -11   -9  1934
1935   -37   12  -13  -34  -25  -22  -19  -17  -16   -7  -28  -21    -19 -18    -11  -24  -19  -17  1935
1936   -29  -39  -23  -20  -16  -18   -5  -11   -5   -3   -4   -3    -15 -16    -29  -19  -12   -4  1936
1937   -11    6  -16  -17   -6   -7   -4    4   15   10   10  -12     -2  -2     -3  -13   -2   12  1937
1938     0   -3    6    5   -7  -17   -8   -4    4   11    2  -25     -3  -2     -5    1   -9    6  1938
1939   -12  -11  -19  -12   -7   -8   -5   -4    1   -3    6   40     -3  -8    -16  -13   -6    1  1939
1940   -15    7   12   17    6    5   11    1   12    8   13   19      8  10     11   12    6   11  1940
1941    13   23    6   11   11    5   15   15    3   25   13   14     13  13     19    9   12   13  1941
1942    26    5   13   14   14   11    2   -3    0    7   13   12     10  10     15   14    4    7  1942
1943     0   22    2   13   10    0   14    3   12   30   26   29     13  12     11    8    6   22  1943
1944    41   31   34   27   27   23   23   23   31   27   12    5     25  27     34   29   23   24  1944
1945    13    2   11   24   10    3    7   25   22   22   10   -9     12  13      7   15   12   18  1945
1946    15    6    0   11   -3  -16   -9   -8   -2   -6   -2  -29     -4  -2      4    2  -11   -3  1946
1947   -13   -7    5    4   -6    0   -5   -8  -14    6   -1  -18     -5  -6    -16    1   -5   -3  1947
1948     5  -13  -23   -9    8   -5  -13  -10  -10   -7   -8  -23     -9  -8     -9   -8   -9   -8  1948
1949     9  -16   -1   -7   -8  -22  -13   -8   -8   -2   -8  -19     -9  -9    -10   -6  -14   -6  1949
1950   -30  -26   -6  -21  -12   -6   -9  -17  -10  -20  -35  -20    -18 -18    -25  -13  -11  -22  1950
1951   -35  -43  -18  -10   -2   -4    0    5    8    6    0   15     -6  -9    -33  -10    0    5  1951
1952    16   13   -9    2   -4   -4    5    7    8   -3  -17   -1      1   2     15   -4    3   -4  1952
1953     9   16   11   20    8    8    3    8    6    5   -5    4      8   7      8   13    6    2  1953
1954   -28  -10  -12  -18  -19  -15  -16  -13   -7   -1    8  -18    -12 -11    -12  -16  -15    0  1954
1955    11  -21  -36  -23  -20   -8   -9    4  -12   -5  -28  -32    -15 -14     -9  -26   -4  -15  1955
1956   -17  -25  -23  -26  -28  -15  -11  -25  -21  -24  -17  -10    -20 -22    -25  -26  -17  -21  1956
1957   -14   -5   -5   -4    8   16    1   14    6    1    7   16      4   1    -10    0   11    5  1957
1958    39   24   10    1    8   -5    6   -6   -3    4    2    1      7   8     27    6   -2    1  1958
1959     6   10   19   17    6    2    6   -1   -6   -9   -9   -3      3   4      6   14    2   -8  1959
1960    -1   14  -36  -16   -8    1   -2    0    5    7  -12   18     -2  -4      4  -20    0    0  1960
1961     7   18    9   15   13   12   -3    2    5    0    3  -15      5   8     14   12    4    3  1961
1962     8   14   12    5   -6    6   -2   -2    0   -2    7   -1      3   2      2    4    1    1  1962
1963    -3   19  -13   -5   -9    3    8   25   20   16   15    0      6   6      5   -9   12   17  1963
1964    -6  -12  -22  -30  -25   -7   -7  -20  -28  -30  -21  -30    -20 -17     -6  -26  -11  -26  1964
1965    -8  -17  -11  -19  -14   -8  -12   -1  -14   -4   -6   -5    -10 -12    -18  -15   -7   -8  1965
1966   -16    0    4  -13  -10    2    9  -10   -1  -15   -2   -6     -5  -5     -7   -6    0   -6  1966
1967    -6  -20    4   -5   14   -8    1    2   -4    7   -6   -2     -2  -2    -11    4   -2   -1  1967
1968   -23  -15   21   -5  -10   -6  -11  -11  -18   12   -4  -14     -7  -6    -13    2   -9   -4  1968
1969   -11  -14    0   19   20    5   -1    3   10   11   12   27      7   3    -13   13    2   11  1969
1970     9   22    7    9   -5   -3   -4  -11   11    5    1  -13      3   6     20    4   -6    6  1970
1971    -2  -20  -18   -9   -6  -18  -12   -3   -1   -6   -4   -8     -9 -10    -12  -11  -11   -4  1971
1972   -24  -17    2   -1   -3    4    2   18    3    9    3   18      1  -1    -16   -1    8    5  1972
1973    28   30   25   25   25   16    9    2    6   12    6   -6     15  17     25   25    9    8  1973
1974   -15  -28   -5  -10   -1   -5   -3   11  -12   -7   -7   -9     -8  -7    -16   -5    1   -9  1974
1975     7    7   13    6   16   -2   -3  -20   -3   -9  -16  -17     -2  -1      2   12   -8   -9  1975
1976    -1   -6  -22  -10  -23  -15  -13  -18  -10  -26   -6    9    -12 -14     -8  -18  -15  -14  1976
1977    18   20   25   27   30   24   23   19    2    4   19    4     18  18     15   27   22    8  1977
1978     8   14   20   15    7   -3    7  -18    5    0   16   11      7   6      9   14   -5    7  1978
1979    14   -9   19   12    5   13    2   14   27   25   29   47     17  14      5   12   10   27  1979
1980    30   42   28   31   34   16   28   24   21   20   29   21     27  29     39   31   23   23  1980
1981    56   41   48   31   24   30   34   35   17   13   21   40     33  31     39   35   33   17  1981
1982     9   14   -2    9   15    4   13    8   15   13   14   42     13  13     21    8    8   14  1982
1983    51   40   42   30   35   17   15   30   38   14   30   16     30  32     45   36   21   27  1983
1984    30   17   28    8   33    4   16   15   19   14    4   -6     15  17     21   23   11   12  1984
1985    21   -7   16   10   17   17   -1   14   14   10    9   15     11   9      2   15   10   11  1985
1986    29   39   29   26   26   12   12   12    1   13   10   16     19  19     28   27   12    8  1986
1987    35   45   16   23   25   35   45   27   39   31   24   47     33  30     32   21   36   31  1987
1988    56   41   49   45   44   42   34   45   41   39   12   33     40  41     48   46   40   31  1988
1989    15   34   36   33   16   14   33   35   36   32   20   37     28  28     28   28   27   29  1989
1990    40   41   75   54   46   38   43   29   30   42   46   41     44  43     39   59   37   39  1990
1991    41   50   35   52   38   54   51   41   50   31   30   32     42  43     44   42   49   37  1991
1992    45   42   47   24   32   24   12    9    0   11    4   21     23  23     40   34   15    5  1992
1993    37   39   35   27   26   23   27   13   10   23    7   19     24  24     32   29   21   13  1993
1994    30    3   26   41   28   42   32   23   32   42   46   35     31  30     17   31   32   40  1994
1995    50   77   44   47   28   44   49   48   34   48   44   29     45  46     54   40   47   42  1995
1996    27   49   33   38   29   26   36   48   27   20   42   41     35  34     35   33   37   29  1996
1997    32   37   52   37   39   54   35   42   55   64   65   59     48  46     37   42   44   62  1997
1998    61   89   63   63   70   78   71   68   45   46   50   56     63  64     70   65   72   47  1998
1999    48   66   34   33   33   37   40   34   43   43   41   46     41  42     57   33   37   42  1999
2000    26   58   60   59   39   43   41   43   42   29   34   30     42  43     43   53   43   35  2000
2001    44   45   57   52   58   54   61   48   55   51   70   54     54  52     40   56   54   59  2001
2002    74   75   91   58   65   53   62   55   65   57   59   43     63  64     68   71   57   60  2002
2003    73   55   57   55   62   48   55   66   66   75   54   75     62  59     57   58   56   65  2003
2004    58   70   64   62   42   43   26   45   53   65   72   51     54  56     68   56   38   64  2004
2005    71   57   70   69   65   66   65   62   78   80   75   68     69  67     60   68   64   77  2005
2006    57   70   63   51   47   64   54   72   64   69   73   77     63  62     65   54   63   68  2006
2007    96   70   71   76   67   58   62   60   64   60   57   49     66  68     81   71   60   60  2007
2008    25   36   73   53   51   48   61   44   65   67   67   54     54  53     37   59   51   66  2008
2009    62   52   53   62   65   65   73   66   70   64   77   65     64  64     56   60   68   70  2009
2010    73   78   92   87   75   64   62   65   61   71   79   49     71  73     72   84   64   70  2010
2011    51   53   64   65   53   59   74   72   56   66   56   53     60  60     51   60   68   59  2011
2012    46   49   57   69   76   61   57   63   76   78   74   53     63  63     50   67   60   76  2012
2013    68   55   66   52   61   65   59   67   78   68   80   66     65  64     58   59   64   75  2013
2014    73   52   77   78   86   66   57   82   90   85   68   79     74  73     64   81   68   81  2014
2015    82   87   91   74   77   78   72   78   81  107  100  110     86  84     83   81   76   96  2015
2016   113  132  128  107   93   77   84   99   89   88   87   77     98 101    118  109   87   88  2016
2017    92  110 **** **** **** **** **** **** **** **** **** ****   **** ***     93 **** **** ****  2017
