1958.21 315.71 312.51
1958.29 317.45 312.57
1958.38 317.50 312.63
1958.46 317.10 312.69
1958.54 315.86 312.76
1958.62 314.93 312.82
1958.71 313.20 312.88
1958.79 312.66 312.94
1958.88 313.33 313.00
1958.96 314.67 313.07
1959.04 315.62 313.13
1959.12 316.38 313.19
1959.21 316.71 313.26
1959.29 317.72 313.32
1959.38 318.29 313.38
1959.46 318.15 313.45
1959.54 316.54 313.51
1959.62 314.80 313.58
1959.71 313.84 313.64
1959.79 313.26 313.71
1959.88 314.80 313.77
1959.96 315.58 313.84
1960.04 316.43 313.90
1960.12 316.97 313.97
1960.21 317.58 314.04
1960.29 319.02 314.10
1960.38 320.03 314.17
1960.46 319.59 314.24
1960.54 318.18 314.30
1960.62 315.91 314.37
1960.71 314.16 314.44
1960.79 313.83 314.50
1960.88 315.00 314.57
1960.96 316.19 314.64
1961.04 316.93 314.71
1961.12 317.70 314.78
1961.21 318.54 314.85
1961.29 319.48 314.91
1961.38 320.58 314.98
1961.46 319.77 315.05
1961.54 318.57 315.12
1961.62 316.79 315.19
1961.71 314.80 315.26
1961.79 315.38 315.33
1961.88 316.10 315.40
1961.96 317.01 315.47
1962.04 317.94 315.54
1962.12 318.56 315.61
1962.21 319.68 315.68
1962.29 320.63 315.76
1962.38 321.01 315.83
1962.46 320.55 315.90
1962.54 319.58 315.97
1962.62 317.40 316.04
1962.71 316.26 316.12
1962.79 315.42 316.19
1962.88 316.69 316.26
1962.96 317.69 316.33
1963.04 318.74 316.41
1963.12 319.08 316.48
1963.21 319.86 316.55
1963.29 321.39 316.63
1963.38 322.25 316.70
1963.46 321.47 316.78
1963.54 319.74 316.85
1963.62 317.77 316.93
1963.71 316.21 317.00
1963.79 315.99 317.08
1963.88 317.12 317.15
1963.96 318.31 317.23
1964.04 319.57 317.30
1964.12 320.07 317.38
1964.21 320.73 317.45
1964.29 321.77 317.53
1964.38 322.25 317.61
1964.46 321.89 317.68
1964.54 320.44 317.76
1964.62 318.70 317.84
1964.71 316.70 317.91
1964.79 316.79 317.99
1964.88 317.79 318.07
1964.96 318.71 318.15
1965.04 319.44 318.23
1965.12 320.44 318.30
1965.21 320.89 318.38
1965.29 322.13 318.46
1965.38 322.16 318.54
1965.46 321.87 318.62
1965.54 321.39 318.70
1965.62 318.81 318.78
1965.71 317.81 318.86
1965.79 317.30 318.94
1965.88 318.87 319.02
1965.96 319.42 319.10
1966.04 320.62 319.18
1966.12 321.59 319.26
1966.21 322.39 319.34
1966.29 323.87 319.42
1966.38 324.01 319.50
1966.46 323.75 319.59
1966.54 322.39 319.67
1966.62 320.37 319.75
1966.71 318.64 319.83
1966.79 318.10 319.91
1966.88 319.79 320.00
1966.96 321.08 320.08
1967.04 322.07 320.16
1967.12 322.50 320.25
1967.21 323.04 320.33
1967.29 324.42 320.41
1967.38 325.00 320.50
1967.46 324.09 320.58
1967.54 322.55 320.66
1967.62 320.92 320.75
1967.71 319.31 320.83
1967.79 319.31 320.92
1967.88 320.72 321.00
1967.96 321.96 321.09
1968.04 322.57 321.17
1968.12 323.15 321.26
1968.21 323.89 321.34
1968.29 325.02 321.43
1968.38 325.57 321.52
1968.46 325.36 321.60
1968.54 324.14 321.69
1968.62 322.03 321.78
1968.71 320.41 321.86
1968.79 320.25 321.95
1968.88 321.31 322.04
1968.96 322.84 322.13
1969.04 324.00 322.21
1969.12 324.42 322.30
1969.21 325.64 322.39
1969.29 326.66 322.48
1969.38 327.34 322.57
1969.46 326.76 322.66
1969.54 325.88 322.75
1969.62 323.67 322.83
1969.71 322.38 322.92
1969.79 321.78 323.01
1969.88 322.85 323.10
1969.96 324.11 323.19
1970.04 325.03 323.28
1970.12 325.99 323.37
1970.21 326.87 323.46
1970.29 328.13 323.55
1970.38 328.07 323.64
1970.46 327.66 323.74
1970.54 326.35 323.83
1970.62 324.69 323.92
1970.71 323.10 324.01
1970.79 323.16 324.10
1970.88 323.98 324.19
1970.96 325.13 324.29
1971.04 326.17 324.38
1971.12 326.68 324.47
1971.21 327.18 324.56
1971.29 327.78 324.66
1971.38 328.92 324.75
1971.46 328.57 324.84
1971.54 327.34 324.94
1971.62 325.46 325.03
1971.71 323.36 325.13
1971.79 323.57 325.22
1971.88 324.80 325.31
1971.96 326.01 325.41
1972.04 326.77 325.50
1972.12 327.63 325.60
1972.21 327.75 325.69
1972.29 329.72 325.79
1972.38 330.07 325.88
1972.46 329.09 325.98
1972.54 328.05 326.08
1972.62 326.32 326.17
1972.71 324.93 326.27
1972.79 325.06 326.37
1972.88 326.50 326.46
1972.96 327.55 326.56
1973.04 328.54 326.66
1973.12 329.56 326.75
1973.21 330.30 326.85
1973.29 331.50 326.95
1973.38 332.48 327.05
1973.46 332.07 327.14
1973.54 330.87 327.24
1973.62 329.31 327.34
1973.71 327.51 327.44
1973.79 327.18 327.54
1973.88 328.16 327.64
1973.96 328.64 327.74
1974.04 329.35 327.84
1974.12 330.71 327.93
1974.21 331.48 328.03
1974.29 332.65 328.13
1974.38 333.19 328.23
1974.46 332.12 328.33
1974.54 330.99 328.44
1974.62 329.17 328.54
1974.71 327.41 328.64
1974.79 327.21 328.74
1974.88 328.34 328.84
1974.96 329.50 328.94
1975.04 330.68 329.04
1975.12 331.41 329.14
1975.21 331.85 329.25
1975.29 333.29 329.35
1975.38 333.91 329.45
1975.46 333.40 329.55
1975.54 331.74 329.66
1975.62 329.88 329.76
1975.71 328.57 329.86
1975.79 328.36 329.97
1975.88 329.33 330.07
1975.96 330.59 330.17
1976.04 331.66 330.28
1976.12 332.75 330.38
1976.21 333.46 330.48
1976.29 334.78 330.59
1976.38 334.78 330.69
1976.46 334.06 330.80
1976.54 332.95 330.90
1976.62 330.64 331.01
1976.71 328.96 331.11
1976.79 328.77 331.22
1976.88 330.18 331.32
1976.96 331.65 331.43
1977.04 332.69 331.54
1977.12 333.23 331.64
1977.21 334.97 331.75
1977.29 336.03 331.86
1977.38 336.82 331.96
1977.46 336.10 332.07
1977.54 334.79 332.18
1977.62 332.53 332.28
1977.71 331.19 332.39
1977.79 331.21 332.50
1977.88 332.35 332.61
1977.96 333.47 332.71
1978.04 335.10 332.82
1978.12 335.26 332.93
1978.21 336.61 333.04
1978.29 337.77 333.15
1978.38 338.00 333.26
1978.46 337.98 333.37
1978.54 336.48 333.48
1978.62 334.37 333.59
1978.71 332.33 333.70
1978.79 332.41 333.81
1978.88 333.76 333.92
1978.96 334.83 334.03
1979.04 336.21 334.14
1979.12 336.65 334.25
1979.21 338.13 334.36
1979.29 338.94 334.47
1979.38 339.00 334.58
1979.46 339.20 334.69
1979.54 337.60 334.80
1979.62 335.56 334.91
1979.71 333.93 335.03
1979.79 334.12 335.14
1979.88 335.26 335.25
1979.96 336.78 335.36
1980.04 337.80 335.48
1980.12 338.28 335.59
1980.21 340.04 335.70
1980.29 340.86 335.82
1980.38 341.47 335.93
1980.46 341.26 336.04
1980.54 339.34 336.16
1980.62 337.45 336.27
1980.71 336.10 336.38
1980.79 336.05 336.50
1980.88 337.21 336.61
1980.96 338.29 336.73
1981.04 339.36 336.84
1981.12 340.51 336.96
1981.21 341.57 337.07
1981.29 342.56 337.19
1981.38 343.01 337.30
1981.46 342.49 337.42
1981.54 340.68 337.53
1981.62 338.49 337.65
1981.71 336.92 337.76
1981.79 337.12 337.88
1981.88 338.59 338.00
1981.96 339.90 338.11
1982.04 340.92 338.23
1982.12 341.69 338.35
1982.21 342.85 338.47
1982.29 343.92 338.58
1982.38 344.67 338.70
1982.46 343.78 338.82
1982.54 342.23 338.94
1982.62 340.11 339.05
1982.71 338.32 339.17
1982.79 338.39 339.29
1982.88 339.48 339.41
1982.96 340.88 339.53
1983.04 341.64 339.65
1983.12 342.87 339.77
1983.21 343.59 339.89
1983.29 345.25 340.01
1983.38 345.96 340.13
1983.46 345.52 340.24
1983.54 344.15 340.37
1983.62 342.25 340.49
1983.71 340.17 340.60
1983.79 340.30 340.73
1983.88 341.53 340.85
1983.96 343.07 340.97
1984.04 344.05 341.09
1984.12 344.77 341.21
1984.21 345.46 341.33
1984.29 346.77 341.45
1984.38 347.55 341.57
1984.46 346.98 341.70
1984.54 345.55 341.82
1984.62 343.20 341.94
1984.71 341.35 342.06
1984.79 341.68 342.19
1984.88 343.06 342.31
1984.96 344.54 342.43
1985.04 345.25 342.55
1985.12 346.06 342.68
1985.21 347.66 342.80
1985.29 348.20 342.93
1985.38 348.92 343.05
1985.46 348.40 343.17
1985.54 346.66 343.30
1985.62 344.85 343.42
1985.71 343.20 343.54
1985.79 343.08 343.67
1985.88 344.40 343.79
1985.96 345.82 343.92
1986.04 346.54 344.05
1986.12 347.13 344.17
1986.21 348.05 344.29
1986.29 349.77 344.42
1986.38 350.53 344.55
1986.46 349.90 344.67
1986.54 348.11 344.80
1986.62 346.09 344.93
1986.71 345.01 345.05
1986.79 344.47 345.18
1986.88 345.86 345.31
1986.96 347.15 345.43
1987.04 348.38 345.56
1987.12 348.70 345.69
1987.21 349.72 345.81
1987.29 351.32 345.94
1987.38 352.14 346.07
1987.46 351.61 346.20
1987.54 349.91 346.33
1987.62 347.84 346.45
1987.71 346.52 346.58
1987.79 346.65 346.71
1987.88 347.96 346.84
1987.96 349.18 346.97
1988.04 350.38 347.10
1988.12 351.68 347.23
1988.21 352.24 347.36
1988.29 353.66 347.49
1988.38 354.18 347.62
1988.46 353.68 347.75
1988.54 352.58 347.88
1988.62 350.65 348.01
1988.71 349.03 348.14
1988.79 349.08 348.27
1988.88 350.15 348.40
1988.96 351.44 348.53
1989.04 352.89 348.66
1989.12 353.24 348.79
1989.21 353.80 348.92
1989.29 355.59 349.06
1989.38 355.89 349.19
1989.46 355.30 349.32
1989.54 353.98 349.45
1989.62 351.53 349.58
1989.71 350.02 349.72
1989.79 350.29 349.85
1989.88 351.44 349.98
1989.96 352.84 350.11
1990.04 353.79 350.25
1990.12 354.88 350.38
1990.21 355.65 350.51
1990.29 356.27 350.65
1990.38 357.29 350.78
1990.46 356.32 350.91
1990.54 354.88 351.05
1990.62 352.89 351.18
1990.71 351.28 351.32
1990.79 351.59 351.45
1990.88 353.05 351.59
1990.96 354.27 351.72
1991.04 354.87 351.86
1991.12 355.68 351.99
1991.21 357.06 352.13
1991.29 358.51 352.26
1991.38 359.09 352.40
1991.46 358.10 352.53
1991.54 356.12 352.67
1991.62 353.89 352.81
1991.71 352.30 352.94
1991.79 352.32 353.08
1991.88 353.79 353.22
1991.96 355.07 353.35
1992.04 356.17 353.49
1992.12 356.93 353.63
1992.21 357.82 353.76
1992.29 359.00 353.90
1992.38 359.55 354.04
1992.46 359.32 354.18
1992.54 356.85 354.32
1992.62 354.91 354.45
1992.71 352.93 354.59
1992.79 353.31 354.73
1992.88 354.27 354.87
1992.96 355.53 355.01
1993.04 356.86 355.15
1993.12 357.27 355.28
1993.21 358.36 355.42
1993.29 359.27 355.56
1993.38 360.19 355.70
1993.46 359.52 355.84
1993.54 357.42 355.98
1993.62 355.46 356.12
1993.71 354.10 356.26
1993.79 354.12 356.40
1993.88 355.40 356.54
1993.96 356.84 356.68
1994.04 358.22 356.82
1994.12 358.98 356.96
1994.21 359.91 357.11
1994.29 361.32 357.25
1994.38 361.68 357.39
1994.46 360.80 357.53
1994.54 359.39 357.67
1994.62 357.42 357.81
1994.71 355.63 357.95
1994.79 356.09 358.10
1994.88 357.56 358.24
1994.96 358.87 358.38
1995.04 359.87 358.53
1995.12 360.79 358.67
1995.21 361.77 358.81
1995.29 363.23 358.95
1995.38 363.77 359.10
1995.46 363.22 359.24
1995.54 361.70 359.38
1995.62 359.11 359.53
1995.71 358.11 359.67
1995.79 357.97 359.82
1995.88 359.40 359.96
1995.96 360.61 360.10
1996.04 362.04 360.25
1996.12 363.17 360.39
1996.21 364.17 360.54
1996.29 364.51 360.68
1996.38 365.16 360.83
1996.46 364.93 360.97
1996.54 363.53 361.12
1996.62 361.38 361.26
1996.71 359.60 361.41
1996.79 359.54 361.56
1996.88 360.84 361.70
1996.96 362.18 361.85
1997.04 363.04 361.99
1997.12 364.09 362.14
1997.21 364.47 362.29
1997.29 366.25 362.43
1997.38 366.69 362.58
1997.46 365.59 362.73
1997.54 364.34 362.87
1997.62 362.20 363.02
1997.71 360.31 363.17
1997.79 360.71 363.32
1997.88 362.44 363.46
1997.96 364.33 363.61
1998.04 365.18 363.76
1998.12 365.98 363.91
1998.21 367.13 364.06
1998.29 368.61 364.21
1998.38 369.49 364.35
1998.46 368.95 364.50
1998.54 367.74 364.65
1998.62 365.79 364.80
1998.71 364.01 364.95
1998.79 364.35 365.10
1998.88 365.52 365.25
1998.96 367.08 365.40
1999.04 368.12 365.55
1999.12 368.98 365.70
1999.21 369.60 365.85
1999.29 370.96 366.00
1999.38 370.77 366.15
1999.46 370.33 366.30
1999.54 369.28 366.45
1999.62 366.86 366.60
1999.71 364.94 366.75
1999.79 365.35 366.90
1999.88 366.68 367.05
1999.96 368.04 367.21
2000.04 369.25 367.36
2000.12 369.50 367.51
2000.21 370.56 367.66
2000.29 371.82 367.81
2000.38 371.51 367.97
2000.46 371.71 368.12
2000.54 369.85 368.27
2000.62 368.20 368.42
2000.71 366.91 368.57
2000.79 366.99 368.73
2000.88 368.33 368.88
2000.96 369.67 369.03
2001.04 370.52 369.19
2001.12 371.49 369.34
2001.21 372.53 369.49
2001.29 373.37 369.65
2001.38 373.82 369.80
2001.46 373.18 369.96
2001.54 371.57 370.11
2001.62 369.63 370.27
2001.71 368.16 370.42
2001.79 368.42 370.58
2001.88 369.69 370.73
2001.96 371.18 370.88
2002.04 372.45 371.04
2002.12 373.14 371.19
2002.21 373.93 371.35
2002.29 375.00 371.51
2002.38 375.65 371.66
2002.46 375.50 371.82
2002.54 374.00 371.97
2002.62 371.83 372.13
2002.71 370.66 372.28
2002.79 370.51 372.44
2002.88 372.20 372.60
2002.96 373.71 372.75
2003.04 374.87 372.91
2003.12 375.62 373.07
2003.21 376.48 373.22
2003.29 377.74 373.38
2003.38 378.50 373.54
2003.46 378.18 373.70
2003.54 376.72 373.86
2003.62 374.31 374.01
2003.71 373.20 374.17
2003.79 373.10 374.33
2003.88 374.64 374.49
2003.96 375.93 374.64
2004.04 377.00 374.80
2004.12 377.87 374.96
2004.21 378.73 375.12
2004.29 380.41 375.28
2004.38 380.63 375.44
2004.46 379.56 375.60
2004.54 377.61 375.76
2004.62 376.15 375.92
2004.71 374.11 376.08
2004.79 374.44 376.24
2004.88 375.93 376.40
2004.96 377.45 376.56
2005.04 378.47 376.72
2005.12 379.76 376.88
2005.21 381.14 377.04
2005.29 382.20 377.20
2005.38 382.47 377.36
2005.46 382.20 377.52
2005.54 380.78 377.68
2005.62 378.73 377.84
2005.71 376.66 378.00
2005.79 376.98 378.16
2005.88 378.29 378.32
2005.96 379.92 378.49
2006.04 381.35 378.65
2006.12 382.16 378.81
2006.21 382.66 378.97
2006.29 384.73 379.13
2006.38 384.98 379.30
2006.46 384.09 379.46
2006.54 382.38 379.62
2006.62 380.45 379.78
2006.71 378.92 379.95
2006.79 379.16 380.11
2006.88 380.18 380.27
2006.96 381.79 380.44
2007.04 382.93 380.60
2007.12 383.81 380.76
2007.21 384.56 380.93
2007.29 386.40 381.09
2007.38 386.58 381.25
2007.46 386.05 381.42
2007.54 384.49 381.58
2007.62 382.00 381.75
2007.71 380.90 381.91
2007.79 381.14 382.08
2007.88 382.42 382.24
2007.96 383.89 382.40
2008.04 385.44 382.57
2008.12 385.73 382.74
2008.21 385.97 382.90
2008.29 387.16 383.07
2008.38 388.50 383.23
2008.46 387.88 383.40
2008.54 386.42 383.56
2008.62 384.15 383.73
2008.71 383.09 383.89
2008.79 382.99 384.06
2008.88 384.13 384.23
2008.96 385.56 384.39
2009.04 386.94 384.56
2009.12 387.42 384.73
2009.21 388.77 384.89
2009.29 389.44 385.06
2009.38 390.19 385.23
2009.46 389.45 385.39
2009.54 387.78 385.56
2009.62 385.92 385.73
2009.71 384.79 385.90
2009.79 384.39 386.07
2009.88 386.00 386.23
2009.96 387.31 386.40
2010.04 388.50 386.57
2010.12 389.94 386.74
2010.21 391.09 386.91
2010.29 392.52 387.08
2010.38 393.04 387.24
2010.46 392.15 387.41
2010.54 390.22 387.58
2010.62 388.26 387.75
2010.71 386.83 387.92
2010.79 387.20 388.09
2010.88 388.65 388.26
2010.96 389.73 388.43
2011.04 391.25 388.60
2011.12 391.82 388.77
2011.21 392.49 388.94
2011.29 393.34 389.11
2011.38 394.21 389.28
2011.46 393.72 389.45
2011.54 392.42 389.62
2011.62 390.19 389.79
2011.71 389.04 389.96
2011.79 388.96 390.13
2011.88 390.24 390.30
2011.96 391.83 390.47
2012.04 393.12 390.64
2012.12 393.60 390.81
2012.21 394.45 390.99
2012.29 396.18 391.16
2012.38 396.78 391.33
2012.46 395.83 391.50
2012.54 394.30 391.67
2012.62 392.41 391.85
2012.71 391.06 392.02
2012.79 391.01 392.19
2012.88 392.81 392.36
2012.96 394.28 392.53
2013.04 395.51 392.71
2013.12 396.80 392.88
2013.21 397.32 393.05
2013.29 398.39 393.23
2013.38 399.76 393.40
2013.46 398.58 393.57
2013.54 397.23 393.75
