1958.21 315.71 314.40
1958.29 317.45 314.47
1958.38 317.50 314.54
1958.46 317.10 314.60
1958.54 315.86 314.67
1958.62 314.93 314.74
1958.71 313.20 314.80
1958.79 312.66 314.87
1958.88 313.33 314.94
1958.96 314.67 315.01
1959.04 315.62 315.07
1959.12 316.38 315.14
1959.21 316.71 315.21
1959.29 317.72 315.28
1959.38 318.29 315.35
1959.46 318.15 315.41
1959.54 316.54 315.48
1959.62 314.80 315.55
1959.71 313.84 315.62
1959.79 313.26 315.69
1959.88 314.80 315.76
1959.96 315.58 315.83
1960.04 316.43 315.90
1960.12 316.97 315.97
1960.21 317.58 316.04
1960.29 319.02 316.11
1960.38 320.03 316.18
1960.46 319.59 316.25
1960.54 318.18 316.32
1960.62 315.91 316.39
1960.71 314.16 316.46
1960.79 313.83 316.53
1960.88 315.00 316.60
1960.96 316.19 316.68
1961.04 316.93 316.75
1961.12 317.70 316.82
1961.21 318.54 316.89
1961.29 319.48 316.97
1961.38 320.58 317.04
1961.46 319.77 317.11
1961.54 318.57 317.18
1961.62 316.79 317.26
1961.71 314.80 317.33
1961.79 315.38 317.40
1961.88 316.10 317.48
1961.96 317.01 317.55
1962.04 317.94 317.62
1962.12 318.56 317.70
1962.21 319.68 317.77
1962.29 320.63 317.85
1962.38 321.01 317.92
1962.46 320.55 318.00
1962.54 319.58 318.07
1962.62 317.40 318.15
1962.71 316.26 318.22
1962.79 315.42 318.30
1962.88 316.69 318.37
1962.96 317.69 318.45
1963.04 318.74 318.52
1963.12 319.08 318.60
1963.21 319.86 318.68
1963.29 321.39 318.75
1963.38 322.25 318.83
1963.46 321.47 318.91
1963.54 319.74 318.98
1963.62 317.77 319.06
1963.71 316.21 319.14
1963.79 315.99 319.22
1963.88 317.12 319.29
1963.96 318.31 319.37
1964.04 319.57 319.45
1964.12 320.07 319.53
1964.21 320.73 319.61
1964.29 321.77 319.68
1964.38 322.25 319.76
1964.46 321.89 319.84
1964.54 320.44 319.92
1964.62 318.70 320.00
1964.71 316.70 320.08
1964.79 316.79 320.16
1964.88 317.79 320.24
1964.96 318.71 320.32
1965.04 319.44 320.40
1965.12 320.44 320.48
1965.21 320.89 320.56
1965.29 322.13 320.64
1965.38 322.16 320.72
1965.46 321.87 320.80
1965.54 321.39 320.88
1965.62 318.81 320.96
1965.71 317.81 321.05
1965.79 317.30 321.13
1965.88 318.87 321.21
1965.96 319.42 321.29
1966.04 320.62 321.37
1966.12 321.59 321.46
1966.21 322.39 321.54
1966.29 323.87 321.62
1966.38 324.01 321.70
1966.46 323.75 321.79
1966.54 322.39 321.87
1966.62 320.37 321.95
1966.71 318.64 322.04
1966.79 318.10 322.12
1966.88 319.79 322.21
1966.96 321.08 322.29
1967.04 322.07 322.37
1967.12 322.50 322.46
1967.21 323.04 322.54
1967.29 324.42 322.63
1967.38 325.00 322.71
1967.46 324.09 322.80
1967.54 322.55 322.88
1967.62 320.92 322.97
1967.71 319.31 323.05
1967.79 319.31 323.14
1967.88 320.72 323.23
1967.96 321.96 323.31
1968.04 322.57 323.40
1968.12 323.15 323.49
1968.21 323.89 323.57
1968.29 325.02 323.66
1968.38 325.57 323.75
1968.46 325.36 323.83
1968.54 324.14 323.92
1968.62 322.03 324.01
1968.71 320.41 324.10
1968.79 320.25 324.18
1968.88 321.31 324.27
1968.96 322.84 324.36
1969.04 324.00 324.45
1969.12 324.42 324.54
1969.21 325.64 324.63
1969.29 326.66 324.72
1969.38 327.34 324.80
1969.46 326.76 324.89
1969.54 325.88 324.98
1969.62 323.67 325.07
1969.71 322.38 325.16
1969.79 321.78 325.25
1969.88 322.85 325.34
1969.96 324.11 325.43
1970.04 325.03 325.52
1970.12 325.99 325.62
1970.21 326.87 325.71
1970.29 328.13 325.80
1970.38 328.07 325.89
1970.46 327.66 325.98
1970.54 326.35 326.07
1970.62 324.69 326.16
1970.71 323.10 326.25
1970.79 323.16 326.35
1970.88 323.98 326.44
1970.96 325.13 326.53
1971.04 326.17 326.62
1971.12 326.68 326.72
1971.21 327.18 326.81
1971.29 327.78 326.90
1971.38 328.92 327.00
1971.46 328.57 327.09
1971.54 327.34 327.18
1971.62 325.46 327.28
1971.71 323.36 327.37
1971.79 323.57 327.47
1971.88 324.80 327.56
1971.96 326.01 327.65
1972.04 326.77 327.75
1972.12 327.63 327.84
1972.21 327.75 327.94
1972.29 329.72 328.04
1972.38 330.07 328.13
1972.46 329.09 328.23
1972.54 328.05 328.32
1972.62 326.32 328.42
1972.71 324.93 328.51
1972.79 325.06 328.61
1972.88 326.50 328.71
1972.96 327.55 328.80
1973.04 328.54 328.90
1973.12 329.56 329.00
1973.21 330.30 329.09
1973.29 331.50 329.19
1973.38 332.48 329.29
1973.46 332.07 329.39
1973.54 330.87 329.48
1973.62 329.31 329.58
1973.71 327.51 329.68
1973.79 327.18 329.78
1973.88 328.16 329.88
1973.96 328.64 329.98
1974.04 329.35 330.08
1974.12 330.71 330.17
1974.21 331.48 330.27
1974.29 332.65 330.37
1974.38 333.21 330.47
1974.46 332.16 330.57
1974.54 331.07 330.67
1974.62 329.12 330.77
1974.71 327.32 330.87
1974.79 327.28 330.97
1974.88 328.30 331.07
1974.96 329.58 331.17
1975.04 330.73 331.28
1975.12 331.46 331.38
1975.21 331.90 331.48
1975.29 333.17 331.58
1975.38 333.94 331.68
1975.46 333.45 331.78
1975.54 331.98 331.88
1975.62 329.95 331.99
1975.71 328.50 332.09
1975.79 328.35 332.19
1975.88 329.37 332.29
1975.96 330.58 332.40
1976.04 331.59 332.50
1976.12 332.75 332.60
1976.21 333.52 332.71
1976.29 334.64 332.81
1976.38 334.77 332.91
1976.46 334.00 333.02
1976.54 333.06 333.12
1976.62 330.68 333.23
1976.71 328.95 333.33
1976.79 328.75 333.44
1976.88 330.15 333.54
1976.96 331.62 333.64
1977.04 332.66 333.75
1977.12 333.13 333.86
1977.21 334.95 333.96
1977.29 336.13 334.07
1977.38 336.94 334.17
1977.46 336.16 334.28
1977.54 334.88 334.38
1977.62 332.56 334.49
1977.71 331.29 334.60
1977.79 331.27 334.70
1977.88 332.41 334.81
1977.96 333.60 334.92
1978.04 334.95 335.03
1978.12 335.25 335.13
1978.21 336.66 335.24
1978.29 337.69 335.35
1978.38 338.03 335.46
1978.46 338.01 335.56
1978.54 336.40 335.67
1978.62 334.41 335.78
1978.71 332.37 335.89
1978.79 332.41 336.00
1978.88 333.75 336.11
1978.96 334.90 336.22
1979.04 336.14 336.33
1979.12 336.69 336.43
1979.21 338.27 336.54
1979.29 338.96 336.65
1979.38 339.21 336.76
1979.46 339.26 336.87
1979.54 337.54 336.98
1979.62 335.75 337.09
1979.71 333.98 337.21
1979.79 334.19 337.32
1979.88 335.31 337.43
1979.96 336.81 337.54
1980.04 337.90 337.65
1980.12 338.34 337.76
1980.21 340.01 337.87
1980.29 340.93 337.99
1980.38 341.48 338.10
1980.46 341.33 338.21
1980.54 339.40 338.32
1980.62 337.70 338.43
1980.71 336.19 338.55
1980.79 336.15 338.66
1980.88 337.27 338.77
1980.96 338.32 338.89
1981.04 339.29 339.00
1981.12 340.55 339.11
1981.21 341.61 339.23
1981.29 342.54 339.34
1981.38 343.04 339.46
1981.46 342.54 339.57
1981.54 340.78 339.68
1981.62 338.44 339.80
1981.71 336.95 339.91
1981.79 337.08 340.03
1981.88 338.58 340.14
1981.96 339.88 340.26
1982.04 340.96 340.38
1982.12 341.73 340.49
1982.21 342.82 340.61
1982.29 343.97 340.72
1982.38 344.63 340.84
1982.46 343.79 340.95
1982.54 342.32 341.07
1982.62 340.09 341.19
1982.71 338.28 341.31
1982.79 338.29 341.42
1982.88 339.60 341.54
1982.96 340.90 341.66
1983.04 341.68 341.78
1983.12 342.90 341.89
1983.21 343.33 342.01
1983.29 345.25 342.13
1983.38 346.03 342.25
1983.46 345.63 342.37
1983.54 344.19 342.48
1983.62 342.27 342.60
1983.71 340.35 342.72
1983.79 340.38 342.84
1983.88 341.59 342.96
1983.96 343.05 343.08
1984.04 344.10 343.20
1984.12 344.79 343.32
1984.21 345.52 343.44
1984.29 346.84 343.56
1984.38 347.63 343.68
1984.46 346.97 343.80
1984.54 345.53 343.92
1984.62 343.55 344.04
1984.71 341.40 344.16
1984.79 341.67 344.29
1984.88 343.10 344.41
1984.96 344.70 344.53
1985.04 345.21 344.65
1985.12 346.16 344.77
1985.21 347.74 344.89
1985.29 348.33 345.02
1985.38 349.06 345.14
1985.46 348.38 345.26
1985.54 346.72 345.38
1985.62 345.02 345.51
1985.71 343.27 345.63
1985.79 343.13 345.75
1985.88 344.49 345.88
1985.96 345.88 346.00
1986.04 346.56 346.13
1986.12 347.28 346.25
1986.21 348.01 346.37
1986.29 349.77 346.50
1986.38 350.38 346.62
1986.46 349.93 346.75
1986.54 348.16 346.87
1986.62 346.08 347.00
1986.71 345.22 347.12
1986.79 344.51 347.25
1986.88 345.93 347.37
1986.96 347.22 347.50
1987.04 348.52 347.63
1987.12 348.73 347.75
1987.21 349.73 347.88
1987.29 351.31 348.00
1987.38 352.09 348.13
1987.46 351.53 348.26
1987.54 350.11 348.38
1987.62 348.08 348.51
1987.71 346.52 348.64
1987.79 346.59 348.77
1987.88 347.96 348.89
1987.96 349.16 349.02
1988.04 350.39 349.15
1988.12 351.64 349.28
1988.21 352.41 349.41
1988.29 353.69 349.54
1988.38 354.21 349.66
1988.46 353.72 349.79
1988.54 352.69 349.92
1988.62 350.40 350.05
1988.71 348.92 350.18
1988.79 349.13 350.31
1988.88 350.20 350.44
1988.96 351.41 350.57
1989.04 352.91 350.70
1989.12 353.27 350.83
1989.21 353.96 350.96
1989.29 355.64 351.09
1989.38 355.86 351.22
1989.46 355.37 351.35
1989.54 353.99 351.48
1989.62 351.81 351.62
1989.71 350.05 351.75
1989.79 350.25 351.88
1989.88 351.49 352.01
1989.96 352.85 352.14
1990.04 353.80 352.28
1990.12 355.04 352.41
1990.21 355.73 352.54
1990.29 356.32 352.67
1990.38 357.32 352.81
1990.46 356.34 352.94
1990.54 354.84 353.07
1990.62 353.01 353.21
1990.71 351.31 353.34
1990.79 351.62 353.47
1990.88 353.07 353.61
1990.96 354.33 353.74
1991.04 354.84 353.88
1991.12 355.73 354.01
1991.21 357.23 354.14
1991.29 358.66 354.28
1991.38 359.13 354.41
1991.46 358.13 354.55
1991.54 356.19 354.68
1991.62 353.85 354.82
1991.71 352.25 354.95
1991.79 352.35 355.09
1991.88 353.81 355.23
1991.96 355.12 355.36
1992.04 356.25 355.50
1992.12 357.11 355.64
1992.21 357.86 355.77
1992.29 359.09 355.91
1992.38 359.59 356.05
1992.46 359.33 356.18
1992.54 357.01 356.32
1992.62 354.94 356.46
1992.71 352.95 356.60
1992.79 353.32 356.74
1992.88 354.32 356.87
1992.96 355.57 357.01
1993.04 357.00 357.15
1993.12 357.31 357.29
1993.21 358.47 357.43
1993.29 359.27 357.57
1993.38 360.19 357.71
1993.46 359.52 357.84
1993.54 357.33 357.98
1993.62 355.64 358.12
1993.71 354.03 358.26
1993.79 354.12 358.40
1993.88 355.41 358.54
1993.96 356.91 358.68
1994.04 358.24 358.83
1994.12 358.92 358.97
1994.21 359.99 359.11
1994.29 361.23 359.25
1994.38 361.65 359.39
1994.46 360.81 359.53
1994.54 359.38 359.67
1994.62 357.46 359.81
1994.71 355.73 359.95
1994.79 356.07 360.10
1994.88 357.53 360.24
1994.96 358.98 360.38
1995.04 359.92 360.53
1995.12 360.86 360.67
1995.21 361.83 360.81
1995.29 363.30 360.95
1995.38 363.69 361.10
1995.46 363.19 361.24
1995.54 361.64 361.38
1995.62 359.12 361.53
1995.71 358.17 361.67
1995.79 357.99 361.82
1995.88 359.45 361.96
1995.96 360.68 362.10
1996.04 362.07 362.25
1996.12 363.24 362.39
1996.21 364.17 362.54
1996.29 364.57 362.69
1996.38 365.13 362.83
1996.46 364.92 362.97
1996.54 363.55 363.12
1996.62 361.38 363.27
1996.71 359.54 363.41
1996.79 359.58 363.56
1996.88 360.89 363.71
1996.96 362.24 363.85
1997.04 363.09 364.00
1997.12 364.03 364.15
1997.21 364.51 364.29
1997.29 366.35 364.44
1997.38 366.64 364.59
1997.46 365.59 364.74
1997.54 364.31 364.88
1997.62 362.25 365.03
1997.71 360.29 365.18
1997.79 360.82 365.33
1997.88 362.49 365.48
1997.96 364.38 365.62
1998.04 365.26 365.77
1998.12 365.98 365.92
1998.21 367.24 366.07
1998.29 368.66 366.22
1998.38 369.42 366.37
1998.46 368.99 366.52
1998.54 367.82 366.67
1998.62 365.95 366.82
1998.71 364.02 366.97
1998.79 364.40 367.12
1998.88 365.52 367.27
1998.96 367.13 367.42
1999.04 368.18 367.57
1999.12 369.07 367.73
1999.21 369.68 367.88
1999.29 370.99 368.03
1999.38 370.96 368.18
1999.46 370.30 368.33
1999.54 369.45 368.48
1999.62 366.90 368.64
1999.71 364.81 368.79
1999.79 365.37 368.94
1999.88 366.72 369.09
1999.96 368.10 369.25
2000.04 369.29 369.40
2000.12 369.54 369.55
2000.21 370.60 369.70
2000.29 371.81 369.86
2000.38 371.58 370.01
2000.46 371.70 370.17
2000.54 369.86 370.32
2000.62 368.13 370.48
2000.71 367.00 370.63
2000.79 367.03 370.78
2000.88 368.37 370.94
2000.96 369.67 371.09
2001.04 370.59 371.25
2001.12 371.51 371.40
2001.21 372.43 371.56
2001.29 373.37 371.72
2001.38 373.85 371.87
2001.46 373.21 372.03
2001.54 371.51 372.18
2001.62 369.61 372.34
2001.71 368.18 372.50
2001.79 368.45 372.65
2001.88 369.76 372.81
2001.96 371.24 372.97
2002.04 372.53 373.12
2002.12 373.20 373.28
2002.21 374.12 373.44
2002.29 375.02 373.60
2002.38 375.76 373.75
2002.46 375.52 373.91
2002.54 374.01 374.07
2002.62 371.85 374.23
2002.71 370.75 374.39
2002.79 370.55 374.55
2002.88 372.25 374.71
2002.96 373.79 374.86
2003.04 374.88 375.02
2003.12 375.64 375.18
2003.21 376.46 375.34
2003.29 377.73 375.50
2003.38 378.60 375.66
2003.46 378.28 375.82
2003.54 376.70 375.98
2003.62 374.38 376.14
2003.71 373.17 376.30
2003.79 373.14 376.47
2003.88 374.66 376.63
2003.96 375.99 376.79
2004.04 377.00 376.95
2004.12 377.87 377.11
2004.21 378.88 377.27
2004.29 380.35 377.43
2004.38 380.62 377.60
2004.46 379.69 377.76
2004.54 377.47 377.92
2004.62 376.01 378.08
2004.71 374.25 378.24
2004.79 374.46 378.41
2004.88 376.16 378.57
2004.96 377.51 378.73
2005.04 378.46 378.90
2005.12 379.73 379.06
2005.21 380.77 379.23
2005.29 382.29 379.39
2005.38 382.45 379.55
2005.46 382.22 379.72
2005.54 380.74 379.88
2005.62 378.74 380.05
2005.71 376.70 380.21
2005.79 377.00 380.38
2005.88 378.35 380.54
2005.96 380.11 380.71
2006.04 381.38 380.87
2006.12 382.19 381.04
2006.21 382.67 381.20
2006.29 384.61 381.37
2006.38 385.03 381.54
2006.46 384.05 381.70
2006.54 382.46 381.87
2006.62 380.41 382.04
2006.71 378.85 382.20
2006.79 379.13 382.37
2006.88 380.15 382.54
2006.96 381.82 382.70
2007.04 382.89 382.87
2007.12 383.90 383.04
2007.21 384.58 383.21
2007.29 386.50 383.38
2007.38 386.56 383.55
2007.46 386.10 383.71
2007.54 384.50 383.88
2007.62 381.99 384.05
2007.71 380.96 384.22
2007.79 381.12 384.39
2007.88 382.45 384.56
2007.96 383.94 384.73
2008.04 385.52 384.90
2008.12 385.82 385.07
2008.21 386.03 385.24
2008.29 387.21 385.41
2008.38 388.54 385.58
2008.46 387.76 385.75
2008.54 386.35 385.92
2008.62 384.09 386.09
2008.71 383.18 386.26
2008.79 382.99 386.43
2008.88 384.19 386.60
2008.96 385.56 386.78
2009.04 386.94 386.95
2009.12 387.48 387.12
2009.21 388.82 387.29
2009.29 389.55 387.46
2009.38 390.14 387.64
2009.46 389.48 387.81
2009.54 388.03 387.98
2009.62 386.11 388.15
2009.71 384.74 388.33
2009.79 384.43 388.50
2009.88 386.02 388.67
2009.96 387.42 388.85
2010.04 388.71 389.02
2010.12 390.20 389.20
2010.21 391.16 389.37
2010.29 392.46 389.55
2010.38 393.00 389.72
2010.46 392.15 389.89
2010.54 390.20 390.07
2010.62 388.35 390.24
2010.71 386.85 390.42
2010.79 387.24 390.60
2010.88 388.67 390.77
2010.96 389.79 390.95
2011.04 391.33 391.12
2011.12 391.86 391.30
2011.21 392.60 391.47
2011.29 393.25 391.65
2011.38 394.19 391.83
2011.46 393.73 392.00
2011.54 392.51 392.18
2011.62 390.13 392.36
2011.71 389.08 392.54
2011.79 389.00 392.71
2011.88 390.28 392.89
2011.96 391.86 393.07
2012.04 393.12 393.25
2012.12 393.86 393.43
2012.21 394.40 393.60
2012.29 396.18 393.78
2012.38 396.74 393.96
2012.46 395.71 394.14
2012.54 394.36 394.32
2012.62 392.39 394.50
2012.71 391.11 394.68
2012.79 391.05 394.86
2012.88 392.98 395.04
2012.96 394.34 395.22
2013.04 395.55 395.40
2013.12 396.80 395.58
2013.21 397.43 395.76
2013.29 398.41 395.94
2013.38 399.79 396.12
2013.46 398.61 396.30
2013.54 397.32 396.48
2013.62 395.20 396.66
2013.71 393.45 396.84
2013.79 393.70 397.03
2013.88 395.16 397.21
2013.96 396.84 397.39
2014.04 397.85 397.57
2014.12 398.01 397.75
2014.21 399.77 397.94
2014.29 401.38 398.12
2014.38 401.78 398.30
2014.46 401.25 398.48
2014.54 399.10 398.67
2014.62 397.03 398.85
2014.71 395.38 399.03
2014.79 396.03 399.22
2014.88 397.28 399.40
2014.96 398.91 399.59
2015.04 399.98 399.77
2015.12 400.28 399.96
2015.21 401.54 400.14
2015.29 403.28 400.33
2015.38 403.96 400.51
2015.46 402.80 400.69
2015.54 401.31 400.88
2015.62 398.93 401.07
2015.71 397.63 401.25
2015.79 398.29 401.44
2015.88 400.16 401.62
2015.96 401.85 401.81
2016.04 402.52 402.00
2016.12 404.04 402.18
2016.21 404.83 402.37
2016.29 407.42 402.56
2016.38 407.70 402.74
2016.46 406.81 402.93
2016.54 404.39 403.12
2016.62 402.25 403.31
2016.71 401.03 403.49
2016.79 401.57 403.68
2016.88 403.53 403.87
2016.96 404.42 404.06
2017.04 406.13 404.25
2017.12 406.42 404.43
2017.21 407.18 404.62
2017.29 409.01 404.81
